1959.289050707587
82.07098731393152
144.82194510853859
197.9850903298418
67.62389350045146
188.40557049539535
198.87495763750044
25.48177719520705
10.342742215460616
92.37253239433988
76.15584167438097
197.29287853828941
197.09951392998371
199.52859643430526
91.54816756184223
149.52969537300825
43.20077264186258
41.1338410042924
89.89859240039061
61.91859876183225
141.08381448139815
186.1065223156421
170.49731289512206
145.32764741987586
67.52296306047067
106.5105868809747
71.31624638261955
76.04705979138231
143.8702420868492
130.31379671707575
91.97360571934855
1.0874526181371065
1.625613555466919
0.89545276420337
1.7466364769347176
0.6077051844778152
1.0971620845801298
2.4439088943735636
1.8999643998712268
1.3939062936458564
0.8701776187207946
0.4191089296921089
1.067342589361602
1.134752660592397
1.689621690213515
0.9591219324457694
2.4738431635810882
0.5341780794870077
2.1515068307277754
2.519102921015156
1.8763172671301267
1.8794833513921816
1.4998535571618012
0.182279689911968
1.5212383273476668
1.9296438587576625
1.0511332825533348
0.45047113559921353
0.8845657340505688
1.3866169045844459
0.7019080372807383
