1850.2841169186836
343.6587285257813
948.2764450901406
983.2146993190992
234.50618424481843
426.6511370717342
93.2139865810223
13.577933025530672
294.2656614282894
406.81789802811295
568.71769237804
273.8810295166048
179.28336900781443
792.8565271400076
983.8790497696084
654.7289362925048
361.82677049351236
857.9827069190383
261.12919556131953
345.31576476921464
227.52710418071285
349.76529931098594
237.88889140469774
246.98804726454094
327.2370900333138
298.2305439300018
807.7861011017625
362.72315582662145
170.46370708894716
598.1148707543671
443.1846581523207
0.5474503036540755
0.45215827535256925
1.3533789967696608
1.779719832436303
0.6717759951727713
2.5190579039218304
2.3120523524103733
1.9542174905451657
1.6488897299338836
0.3352552838339481
1.0067146315818007
0.36291781455853367
1.7991163879569334
1.1669173777627242
1.6287300864682077
2.528191572524093
0.8793775920625879
0.32448587644976545
2.0980553197814498
0.4283305165904636
1.148001205089992
0.7162445170383744
1.3388851509822057
2.1025435863012483
2.0285880330968857
2.3540158158582205
1.6215408006007863
0.2793007652143733
0.8762413970168018
2.6052944239712925
